100 100
67 73 21 91 61 4 69 25 76 43 3 5 81 20 81 18 59 96 91 97 46 26 76 9 53 86 20 60 27 65 38 28 94 85 80 58 75 95 48 99 70 49 83 39 93 22 47 25 26 97 82 26 33 46 85 37 82 81 18 73 100 95 40 93 78 96 3 81 16 85 66 50 46 30 42 5 84 35 89 2 66 93 66 64 62 53 69 12 73 37 16 76 85 26 20 97 55 30 75 68
1 99 99
1 79 92
0 56 88 18
1 52 64
1 12 22
0 52 66 40
0 41 97 93
1 20 47
1 40 95
1 84 84
0 58 78 40
1 46 62
1 25 81
0 92 98 97
0 99 99 75
1 19 89
1 38 96
0 98 100 30
0 56 89 66
1 46 81
1 92 98
0 73 93 42
0 84 96 69
0 59 88 46
1 11 18
0 35 81 73
1 7 9
0 76 77 5
0 45 47 47
0 33 88 100
0 25 37 20
0 1 55 65
1 55 61
1 13 27
1 74 92
0 75 99 42
0 65 68 78
0 17 22 97
1 76 96
0 98 98 30
1 31 76
0 86 87 69
0 78 97 66
1 41 71
1 29 92
1 63 92
0 37 43 83
1 24 58
0 78 82 66
1 25 99
1 30 44
0 44 75 16
1 100 100
0 62 88 95
0 25 97 18
0 61 77 93
1 6 24
1 28 69
0 56 77 93
1 95 97
1 92 96
0 10 62 20
0 64 85 64
1 46 87
0 63 64 93
0 91 99 16
1 24 79
1 28 72
1 58 68
1 93 100
1 7 36
0 20 73 100
0 92 92 76
0 58 87 3
1 11 97
1 29 56
0 9 74 82
0 13 38 46
0 87 94 37
0 96 96 97
0 56 62 81
0 74 74 30
1 62 94
1 49 90
0 80 86 66
0 37 77 81
0 90 100 97
0 71 92 42
0 80 100 73
0 89 94 26
1 86 95
1 64 67
1 97 98
0 53 64 95
0 27 73 46
0 80 100 66
0 26 52 70
0 88 88 12
1 71 97
0 92 92 76
