100 100
4 97 10 4 88 14 65 58 11 88 64 20 23 94 69 1 62 20 4 63 52 81 40 80 63 8 21 5 92 90 43 67 17 87 43 75 82 48 79 64 88 48 5 37 32 42 31 71 23 24 59 1 42 7 85 49 88 39 83 30 2 94 63 36 65 33 97 94 31 18 56 43 7 13 100 16 38 32 70 58 51 26 98 39 59 42 37 44 85 92 32 61 21 72 97 74 43 80 13 82
1 90 94
0 40 57 49
1 3 49
1 83 93
1 37 73
1 60 89
0 68 93 85
0 76 90 98
1 71 73
1 48 94
0 83 92 37
1 65 85
1 60 91
0 68 92 38
0 18 64 49
0 81 91 44
1 97 98
1 26 71
1 74 99
0 61 81 97
1 97 98
0 45 69 24
1 63 73
0 40 70 33
1 34 96
0 4 92 51
0 56 86 39
0 34 42 79
1 48 51
0 46 48 31
0 58 70 94
1 39 68
0 79 83 51
0 15 16 69
1 5 35
0 3 22 10
1 87 95
0 56 78 7
0 71 74 43
0 85 93 32
0 27 92 65
0 25 65 59
0 15 70 80
1 52 58
1 83 98
1 29 59
0 49 84 83
0 33 77 32
1 46 82
0 5 95 51
0 4 9 14
0 55 66 30
1 76 91
0 79 92 51
1 40 68
1 92 93
0 5 51 64
0 12 57 64
0 90 99 21
1 20 68
1 24 95
1 19 34
0 40 97 61
1 69 96
1 74 87
1 88 90
1 56 95
1 53 83
0 84 89 44
0 65 72 43
0 34 38 48
1 96 96
1 16 38
1 45 77
0 34 68 71
1 87 92
1 33 36
1 49 95
1 23 47
0 84 99 92
1 10 55
1 98 98
0 95 100 97
1 48 84
1 78 93
1 12 96
0 90 94 21
0 60 79 43
1 79 99
0 3 68 62
0 75 80 100
0 87 90 92
1 41 55
0 15 46 87
1 77 93
0 51 82 7
0 32 75 97
0 56 70 31
1 33 88
1 34 69
