100 100
9 47 31 60 75 78 76 97 44 99 80 84 42 66 98 3 36 64 85 96 86 76 59 48 97 41 75 87 90 54 84 43 12 47 18 87 33 68 26 4 7 27 64 33 57 22 70 56 21 79 4 20 16 74 90 83 76 49 70 97 21 76 54 75 77 51 23 76 82 91 11 5 36 95 81 97 23 20 19 3 86 48 75 46 35 31 69 68 11 88 21 41 56 10 67 85 80 29 17 87
1 45 68
0 73 80 3
1 85 94
0 47 49 21
1 33 97
0 98 98 29
0 16 34 47
1 81 84
0 31 59 74
1 62 78
0 22 23 76
0 16 40 86
0 66 82 51
1 88 99
0 28 79 21
0 58 79 11
0 100 100 87
0 45 72 91
1 55 60
1 63 78
0 36 40 68
1 54 89
0 25 44 68
1 94 94
1 53 64
0 78 85 46
1 89 90
1 80 84
0 72 74 95
1 33 51
1 40 62
1 62 83
0 76 77 23
0 92 98 41
1 84 95
1 81 89
1 37 38
1 3 84
1 54 86
0 19 75 68
1 73 96
1 25 44
0 93 96 10
0 19 61 33
1 27 71
1 66 68
1 39 85
1 69 72
1 78 91
1 72 76
0 72 96 85
1 17 28
1 31 61
0 100 100 87
0 36 58 7
0 79 96 48
1 77 79
0 98 98 29
0 61 85 5
0 83 85 46
0 42 86 3
1 68 97
0 71 85 46
1 28 56
1 87 94
1 18 92
1 66 75
0 82 91 69
0 55 91 23
1 19 76
0 86 94 31
0 21 58 16
1 22 54
1 16 19
1 75 89
1 87 88
0 48 49 21
1 33 99
1 88 92
1 83 96
1 21 82
0 4 14 99
0 40 61 4
0 22 40 41
1 51 60
0 69 95 68
0 17 56 87
1 33 84
1 57 75
0 14 66 85
1 26 97
0 48 66 77
1 74 80
0 61 62 76
1 68 75
1 23 68
0 44 81 19
0 94 95 10
1 19 53
1 3 77
