100 100
38 19 45 41 91 29 18 4 34 95 9 5 95 2 85 100 92 70 42 9 1 87 14 61 93 47 58 92 44 93 20 41 40 91 49 37 96 83 56 49 30 73 68 34 73 55 9 79 95 1 40 84 43 38 87 43 24 57 45 38 29 3 22 43 90 84 72 78 78 53 70 87 45 43 42 75 29 98 96 32 99 97 1 15 87 93 45 93 13 98 49 75 48 92 12 57 31 38 21 62
1 30 69
1 61 82
0 30 69 29
1 50 94
1 90 91
1 50 90
1 63 86
0 60 91 29
0 89 91 98
0 7 73 84
1 40 65
1 34 84
1 83 98
0 2 76 84
0 79 82 99
0 72 96 45
0 7 76 95
1 12 17
0 4 27 70
1 70 80
1 23 82
0 5 90 49
1 91 92
0 4 13 41
0 27 51 41
0 45 100 31
0 48 56 87
0 61 76 3
1 4 79
0 47 47 9
0 39 96 15
0 47 62 95
0 90 92 49
1 92 93
0 36 66 43
1 74 87
1 45 93
1 7 30
0 23 72 38
1 52 100
1 62 84
0 15 73 43
1 79 90
0 66 98 78
1 42 95
1 70 92
1 49 56
0 73 90 1
0 37 90 29
0 56 100 97
0 53 86 15
0 28 46 56
1 11 70
1 86 96
0 39 64 30
1 42 51
0 21 41 93
0 43 47 34
0 29 86 30
1 18 59
1 15 21
1 74 87
1 37 80
1 63 95
0 41 45 34
0 37 66 9
1 26 93
0 42 62 57
0 91 100 31
0 17 59 93
0 23 98 98
0 42 42 73
0 80 82 97
0 98 100 38
1 96 96
1 59 90
1 40 73
1 62 79
0 36 78 84
1 24 42
1 34 55
0 53 98 87
1 49 63
0 95 95 12
0 84 94 93
0 31 89 68
1 8 22
0 28 70 20
0 45 53 79
0 72 72 87
0 7 72 18
0 36 96 95
0 79 95 75
0 87 100 75
0 12 43 68
0 45 53 40
1 53 82
1 12 55
1 65 85
0 46 67 43
