50 50
32 21 37 23 39 17 36 3 33 25 30 15 26 42 27 20 27 2 41 31 50 22 16 9 1 50 24 4 22 28 14 5 18 38 39 9 2 46 36 34 21 11 10 15 26 40 12 3 48 35
0 18 25 2
1 49 50
0 40 49 3
1 26 46
0 11 21 27
1 13 35
0 12 38 15
0 25 29 4
0 8 36 18
1 31 50
1 46 49
1 19 23
1 42 46
0 43 49 3
1 1 44
0 25 37 4
1 13 16
1 42 42
1 36 49
0 42 50 48
1 38 38
0 5 50 36
1 35 35
0 7 20 41
0 1 35 26
1 35 42
1 10 33
1 4 42
1 46 47
1 9 23
1 34 50
0 19 40 9
1 28 32
1 31 33
0 33 39 38
0 29 44 5
1 17 19
1 47 49
1 30 41
1 45 48
0 41 45 15
0 35 42 39
1 1 39
0 49 49 48
0 3 28 17
1 48 48
0 36 49 34
1 3 22
1 7 25
1 43 50
