100 100
12 36 23 9 87 41 86 53 81 62 22 69 9 15 87 41 85 71 70 95 38 100 78 54 27 26 52 42 9 86 69 62 47 86 56 70 92 75 16 25 92 86 1 55 35 45 97 29 17 69 57 62 82 46 67 80 48 79 98 15 55 49 38 11 17 89 47 81 76 100 91 84 31 87 81 43 85 26 69 32 4 49 91 58 93 60 8 73 100 36 18 37 19 67 54 42 55 58 45 76
1 37 75
1 86 92
1 9 86
0 10 47 62
0 6 45 92
0 5 7 86
1 38 58
1 53 98
1 90 100
1 66 68
1 85 92
1 59 79
1 46 51
1 38 70
1 52 93
0 23 33 52
0 56 70 76
0 96 100 42
0 79 79 69
1 24 49
1 11 24
0 37 54 35
1 39 56
0 18 20 70
0 60 68 49
1 33 92
1 59 66
1 2 19
0 99 99 45
0 23 45 86
0 25 59 86
0 50 95 87
1 96 98
0 30 92 35
1 8 89
0 22 52 47
1 10 29
1 93 96
1 8 9
0 44 96 85
1 67 87
1 20 37
0 19 93 60
0 48 51 57
0 47 89 97
1 40 95
1 69 83
1 77 80
0 79 80 69
1 94 96
1 66 96
1 93 98
1 87 98
1 45 85
1 31 38
1 35 41
0 18 98 17
0 84 86 58
1 90 91
0 33 80 86
0 34 49 70
0 28 38 92
1 50 69
1 2 92
1 17 75
1 18 34
1 100 100
0 16 62 46
1 96 99
1 24 31
1 76 93
1 6 79
1 77 78
0 46 86 85
1 88 90
0 87 100 100
1 96 99
0 96 97 42
1 45 89
1 84 90
1 68 99
1 32 67
0 61 79 31
0 15 69 62
1 96 98
0 38 51 16
1 11 82
0 80 94 49
0 41 45 55
0 36 98 81
0 81 89 8
0 87 95 67
0 100 100 76
0 6 51 27
0 40 54 97
0 30 98 81
0 80 81 32
0 65 88 91
0 12 70 95
1 11 95
